food_web_filename = 'Huizache-Caimanero_241';
crc = 'crc_ffac849b';
n = 26;
l = 25;
b0 = [0.59 0.014 0.017 0.049 0.623 1.058 0.227 0.203 5.52 0.33 2.78 0.494 0.004 0.192 3.72 0.529 2.568 7.67 11.707 10.5584774 0.011 19.202 2.02547336 35.42058 380.82 3829.787].';
p = [0 0 0 0 0 0 0 0 0 0 0 0 0 0 0 0 0 0 0 0 0 0 0 833.814621432 3745.897848 0].';
q = [0 0 0 0 0.0284295417547165 0.2553014772654 0 0 0 0 0 0.0642021883395951 0 0 0.946681736479752 0 3.62591383771841 0 0 0 0 0 0 0 0 2919.48326359807].';
r = [1.54787763420688 0.0359543373342938 0.0242018831566635 0.162894968491343 0.478390437901217 1.11523217413993 0.205653142292781 0.128399827689932 11.4752128866548 1.73037368320285 8.59423247137275 1.01506669242478 0.0247151242055443 0.194777230446526 5.80298917903271 0.734620208696878 9.02544087200235 42.8674177442392 142.907684863649 462.101504159743 0.0300043546562756 186.785377072973 15.0352319992167 138.969103547 624.316320557668 0].';
F = [
0 0 0 0.0110405024729621 0.125473640386732 0 0.0541707847749489 0.0199171389457221 0.0415057857418801 0.178810420147806 0.270701639788687 0.12042629174517 0 0.00622457259292591 0.118529790370063 0.0639164233127142 0.0675230395063982 0 0.96305395141349 0 0 0.0774730423177349 0.0117896983687218 0 0 0.0192972605456504
0 0 0.00198591687500498 0 0 0 0.00573891700512031 0 0 0.00119022605917039 0 0 0 0.00320560421853375 0.0126928334464709 0.000332489270087491 0.00633971298538352 0 0.0125003027481455 0 0 0.00315106124831029 0.00248646422707312 0 0 0.000552107339167918
0 0 0 0 0 0 0.00140232027069155 0 0.000965497840574335 0 0.00629290901259149 0.00316816933744691 0.000681093206971492 0.00317686128590466 0.00626773404282425 0 0.00286252849443498 0.00193558433077153 0.00309967259673531 0 0 0.000924627471180136 0.000856049272097223 0 0 0.00200530179409382
0 0 0 0 0 0 0 0 0.00405736102696269 0.00685305537138652 0.0256469442506767 0.0562832657221302 0 0.00492416080255689 0.0209956619749099 0 0.0205039264125132 0.0220752687630459 0.0566919741718764 0 0 0 0 0 0.00333964406717451 0.00647135578850792
0.0183028211272353 0 0 0.00587459585810122 0 0 0 0 0.0220850191743233 0 0.144038989902821 0.0691039852929554 0.00255102643025618 0.00772814670852326 0.101961718592339 0.0226730729801543 0.205306585114579 0 0.250104460964076 0.0583190569438892 0 0.110598370367651 0.0313662001446341 0 0.0156559903149089 0.0470615562666842
0 0 0 0 0.0246883988518172 0.0543395678398842 0.00426349241964368 0.0117567865751756 0.15903661197673 0.110575251662417 0.215475816457668 0.0673689211530779 0 0.00612378475217651 0.00971754702981242 0.0209604990135258 0.14234931204897 0.120637999584384 0.793318509401896 0 0.00807556550443808 0.0780776166100279 0.0951101568985342 0 0.18526000372637 0.0664468045061929
0 0 0 0 0 0 0 0 0 0 0 0 0.00210738853985554 0 0 0.0350763633227076 0.0322244994671546 0.020184009599681 0.166757133976297 0.049553534657923 0 0.0245854111226383 0.0215583193265517 0 0.0232799904682601 0.00565487764790883
0 0 0 0 0 0 0 0.00934113972245329 0 0 0 0 0 0.00474687134774469 0 0 0 0.00716269451615137 0.122829291455693 0 0 0.0399878242543374 0.0126770962265173 0 0 0.0310878246738057
0 0 0 0 0 0 0 0 0.669701572399147 0 0.725422697372978 0.0835267260188715 0 0 0.209638843532166 0.205538893320413 0.363962543087833 8.73669727805813 5.69003094743455 0 0 1.76013899624805 2.50223548752972 0 1.07548902163268 3.73536918410522
0 0 0 0 0 0 0 0 0 0 0.24539819932107 0 0.00478078235688994 0.00827601831420333 0 0.0115883857964268 0.0134665063003556 0 0.249979358962593 0.726021401629147 0 0.0659490111613476 0.362098363184436 0 0.859670817291653 0
0 0 0 0 0 0 0 0 0 0 0 0 0 0 0 0 0 0 2.39454673837861 6.77912531728852 0 0 0 1.57598199971649 1.54446203106573 0.887179277720745
0 0 0 0 0 0 0 0 0 0 0 0 0 0.0106764269314776 0 0 0.0115815884332705 0.250599642248055 0.130785338549983 0.420742479942608 0 0.170154204261337 0.216372958366126 0 0.572800911521473 0.241345341777545
0 0 0 0 0 0 0 0 0 0 0 0 0 0 0 0 0 0 0.0113800789348693 0 0 0.0099751290306979 0 0 0.0235191604730708 0
0 0 0 0 0 0 0 0 0 0 0 0 0 0 0 0 0 0 0.0506591041003788 0.053608266870462 0 0.0636255359533578 0.0171174353055713 0 0.0549901411060867 0.0804761933423228
0 0 0 0 0 0 0 0 0 0 0 0 0 0 0 0 0 0.0704742496221454 2.70860317210061 0.380645088401945 0 1.3372805727417 1.47766212332476 0 1.14448002302038 3.55322061170535
0 0 0 0 0 0 0 0 0 0 0 0 0 0 0 0 0 0 0.0125356891485648 0.2055274574059 0 0.401108519760015 0 0 0.231733704661155 0.60189889686455
0 0 0 0 0 0 0 0 0 0 0 0 0 0 0 0 0 0 2.09792435486324 0 0 4.72645444002594 0 0 3.96712307979579 7.14757501939287
0 0 0 0 0 0 0 0 0 0 0 0 0 0 0 0 0 0 0 21.214373410412 0 0 0 43.497179992175 0 7.92433599921993
0 0 0 0 0 0 0 0 0 0 0 0 0 0 0 0 0 0 28.8601158420313 4.45994911615248 0 46.557493031462 0 31.0098499944215 86.3247317363591 100.314824968627
0 0 0 0 0 0 0 0 0 0 0 0 0 0 0 0 0 0 15.9231701887111 128.892207951116 0 0 0 556.189499899944 0 94.6262038570323
0 0 0 0 0 0 0 0 0 0 0 0 0 0 0 0 0 0 0 0.00146562958940762 0 0.00165083846334301 0.00264859086124259 0.0369060099933608 0.0112003302252865 0.00304399709396053
0 0 0 0 0 0 0 0 0 0 0 0 0 0 0 0 0 0 15.9811487893982 0 0 3.28528072288685 0 0 98.7311719859057 210.530465325305
0 0 0 0 0 0 0 0 0 0 0 0 0 0 0 0 0 0 0 0 0 0 0 0 17.7645603573212 7.56685422520357
0 0 0 0 0 0 0 0 0 0 0 0 0 0 0 0 0 0 0 0 0 0 0 0 0 0
0 0 0 0 0 0 0 0 0 0 0 0 0 0 0 0 0 0 0 0 0 0 0 0 0 0
0.583673527097592 0.0142212980913926 0.00745054892906832 0.0480325515329593 0.455749577290887 0.748709426770356 0.109752871367746 0.0584178492648201 13.3851874559273 0.519426207875453 2.95408569669309 0.545912652000815 0.0100389537026183 0.0706169992812333 3.44289079641859 0.358097932128135 4.421601942508 20.5387049308471 78.1400449260651 170.288039026651 0.018835476068044 83.0287807951377 5.54220364027415 62.53609998875 2909.04805851338 1459.74147390055
];

