food_web_filename = 'Mid-Atlantic_Bight_707';
crc = 'crc_5b1b192d';
n = 32;
l = 30;
b0 = [7.15777826 4.72086 5.550025 4.511804 0.234180272 3.495705 0.181411058 20.9542656 5.5581913 32.8851624 32.4465446 4.4257555 3.50772953 0.178402156 0.165659934 5.738405 2.49416232 1.17982948 0.507 0.249040216 3.50986862 2.30638981 1.98373294 0.04 0.02686477 0.0319999978 0.16 0.0616502278 0.002948594 20.0455 1.26865053 30].';
p = [0 0 0 0 0 0 0 0 0 0 0 0 0 0 0 0 0 0 0 0 0 0 0 0 0 0 0 0 0 5102.248748517 31.0369681670319 0].';
q = [0 0 0 0 8.40747356005229e-07 0.00938130637769834 2.30183427673121e-10 0.000123980939184066 3.28854243853483e-05 0.000655549906475193 0.000945018657109485 3.87776565959493 0.0231295915867515 0.0393683012156642 5.31465816435113e-09 0.2288890829483 1.00864305483575 0.0253421366776342 0.19252019753744 0.0778232862428515 0.0445825159881627 0.0464765403640368 0.462849686949696 0.0024983587392753 0.00135733011957455 0.0131951215712677 8.81337758953696e-09 1.28395469706578e-08 0.00769457214464335 0 62.1970356265294 889.311234691194].';
r = [1523.97828875823 690.091790710819 162.509218880708 29.1625960785275 12.8484790794056 330.473973577303 0.108978842644265 130.954586533668 41.6822781581551 118.379145334849 227.100724996553 3.09800735840916 37.1755545556544 0.26747547872205 2.85759520527581 7.63393955716868 0.871992458764224 1.63647592249742 0.64642683133429 0.319714982299325 0.631606570458582 0.161386790103304 1.04626675352276 0.0456100371442098 0.0274536968724849 0.208424748344224 0.525098453052746 0.853669035487122 0.0426104820291238 850.374801452584 0 0].';
F = [
0 0 0 0 0 0 0 0 0 0 0 0 0 0 0 0 0 0 0 0 0 0 0 0 0 0 0 0 0 408.216904816317 0 2313.17328200219
180.5320003157 150.518758793132 0 0 0 0 0 0 0 0 0 0 0 0 0 0 0 0 0 0 0 0 0 0 0 0 0 0 0 244.01810287903 0 569.361985631899
0 102.726397422909 36.3586254136565 0 0 0 0 0 0 0 0 0 0 0 0 0 0 0 0 0 0 0 0 0 0 0 0 0 0 482.856205696943 0 87.070342714335
0 33.3762643346696 64.7443078831259 68.7555088739518 6.14523724299131 0 0 0 0.270401066192369 0 0.327243967822874 0 0 0 0 0 0 0 0 0 0 0 0 0 0 0 0 0 0 307.067103622909 0 13.3504184250491
0.691750623793465 1.7293816539173 12.7975744695123 13.8351327590123 0.760464554158463 0 0.0342889617437865 0 0 0 0 0 0 0 0.345877724939058 0.50800550792411 0.138348915937083 0.0414132518938564 0.000882687955432926 0 0 0 0 0 0 0 0 0 0 2.94000003468737 0 0.345874068842641
0 0 111.957239235345 184.971564038292 0.810782954420676 23.5271075892637 0 0 0 0 0 0 0 0 0 0 0 0 0 0 0 0 0 0 0 0 0 0 0 92.4869210912001 0 93.2959627562291
0.00264854672271558 0.0290458503220038 0.150823609848445 0.124348896853431 0 0.00484100394799935 0 0 0 0 0 0 0 0 0 0 0 0 0 0 0 0 0 0 0 0 0 0 0 0.00968211911423377 0.00960526701325977 0
116.085421034448 0 0 0 0 0 0 7.05062972355055 1.27290720967924 0.583148345008923 8.67101360236964 1.16086951585856 0.211964268468922 0 0 0 0 0 0 0 0 0 0 0 0 0 0 0 0 48.7568705752543 2.30332702166106 180.576650403932
18.1639977609663 0 1.81642627956519 3.63283008585025 0 0 0 9.58784629785112 3.40659867932055 7.48756663755738 12.2358889917254 1.81642372478209 0.189617420275766 0 0 0 0 0 0 0 0.163503862148748 0.111520495810759 0 0 0 0 0 0 0 17.8616302107391 0.90100959918061 39.3355225151857
93.0444632181596 0 0 0 0 0 0 0 0 5.0573909745235 3.92594452242113 5.18409611236144 0.133032998120262 0 0 0 0 0 0 0 0 0 0 0 0 0 0 0 0 190.745002250491 2.76923428573954 159.50425798005
130.261030530384 0 0 0 0 0 0 17.5421479789493 5.27525654813299 26.1220425246653 16.5622613014821 3.75895852788934 3.21434708754279 0 0 0 0 0 0 0 0.257266565608046 0.273219981697998 0.0165812149820985 0 0 0 0 0 0 130.263701536907 6.08139956671697 244.345114396593
6.72701014181549 0 0 0 0 0 0 0 0 0 0 0 0 0 0 0 0 0 0 0 0 0 0 0 0 0 0 0 0 58.0216506845642 0 19.3400841504353
12.1339413363161 0 0 0 0 0 0 5.08850612011559 0.980437441681487 8.71728755179107 15.5590020749222 3.3368796126264 1.5538064592512 0 0 0 0 0 0 0 0.164622861443774 0.1270984563101 0.00258580238350642 0 0 0 0 0 0 0 3.31041726688286 12.133897727695
0.299708358006864 0 0 0 0 0.101152428797484 0 0 0.0194910685553956 0 0.0702378247905055 0 0 0.000535701003157802 0 0 0 0 0 0 0 0 0 0 0 0 0 0 0 0.0505768205967269 0.0501753656179579 0.299707280873897
0 0 3.64451649029058 1.86462446016306 0 0.0847557086483863 0 0.0829803856000609 0.102533086998698 0.0745422972730087 0.160224709016711 0 0 0 0.558959144821168 0 0 0 0 0 0 0 0 0 0 0 0 0 0 0.440734805199977 0 0.440724184163599
0 0 1.36640493556314 4.74151368393042 0.361815319647183 2.48754419774524 0.0588128210398552 0.128456812076846 0.630589288965849 0.128458147526771 0.128452017153279 0 0 0 1.22463644718492 0.00942724086544377 0.0104860304521599 0.00762888576255385 0 0 0.0233512149053718 0.0233487375725925 0.0169532607944351 0 0 0 0 0 0 0.128466201515699 0 0
0 0 0.58465494940289 3.15711783632535 0.157505313378914 0.213524927682375 0.00601591360040521 0 0.0101669573010636 0.0101673326548756 0.0152502761624546 0 0 0 0.0355874289820354 0 0 0 0 0 0 0 0 0 0 0 0 0 0 0.798185909417338 0 0
0 0 0 0.81363776463479 0.11088270686384 1.1095071534714 0.0360085165980681 0 0.277352273804239 0 0.0554698453759416 0 0 0.0720000166037239 0.55475230168302 0.05177547127387 0.0554743323965376 0.106651701407453 0.000833495454231318 0 0 0 0 0 0 0 0 0 0 0 0 0
0 0 0.0802280464990646 0.886875079332057 0 0.0182796983468647 0.00017038186534139 0.00304643035977057 0.00609269812532464 0 0 0 0 0 0.00812429618784083 0 0 0 0 0 0 0 0 0 0 0 0 0 0 0.0111710601318009 0 0
0 0 0 0 0.00535071903902501 0 0 0 0.00642423110235786 0 0.00642416168532739 0 0.0861585307336562 0.0042405783353126 0.00642478415931812 0.160615289436281 0.0856624012441084 0.0616412352106844 0.00205096203455325 0.0160595357658491 0.0267631080386323 0.0294362956115375 0.0107065606127313 0 0 0 0 0 0 0 0 0
0 0 0 0 0.00716306609642576 0.00358372650549957 0 0.55902634505207 0.286672645431063 0.179177168175645 0.250836004299458 0.430048857015128 0.501483775498462 0.00926780689886422 0 0.0172398011821944 0.10750982630766 0.251198535882987 0 0 0.304131671703331 0.0787336561726236 0.0862921717328544 0 0 0 0 0 0 0 0.0426638256411947 0.043004144148156
0 0 0 0 0.0424861377583893 0.00607316268133837 0 0.248984403639603 0.121452602484714 0.364371059189542 0.121451290128593 0.30365958072316 0.303514410993101 0.0354750540651249 0.0242926016487217 0.0573606948760328 0.0036051745751705 0.00228769918403543 0 0 0.0708352246847194 0.0505913055173331 0.0377555309890218 0 0 0 0 0 0 0 0.0482002088973351 0.00202436123869191
0 0 0 0 0 0.115475362958099 0.0136908246752345 0.0302416998661051 0.0302408977984012 0.0907260427855668 0.299656513852354 0.030243688965912 0.0604584608915468 0.136875916297996 0.0302435012133073 0.450890923071973 0.164961830323289 0.257219491590724 0.0155352408964365 0 0.357331575469422 0.109936589548409 0.0872321348292737 0 0 0 0 0 0 0 0 0
0 0 0 0 6.99411452575162e-05 0.00230947125957881 0 0 0.000769756426960879 0.000349902166180463 0.00160947329229628 0.000349921542620537 0.00160886972009471 0 0 0.0118969377559272 0.0118970687982781 0.00783785081344581 0.000614345121850641 0.000139946557524046 0.00398806330096 0.00398764020691624 0.00398855407577313 0.00022671036589635 0.000524235884219706 0.00035830386849959 0.000769812799888328 0.000488789919036498 0.000618594294584137 0 0.00395747117205851 0
0 0 0 0.00038375606110395 3.83521374613342e-05 0 2.68487080165085e-05 0 0.00038372247859959 0 0.00038371833228627 0 0 0 0 0.00805864734157792 0.00299324463935511 0.00575608085389797 0.000180092607812951 0.0046043698814428 0.00191828850468466 0.003068934589742 0.00268593379958343 0.000797423244305751 0.000767421293521887 0.00026769461267986 0.000383750580423347 0.000767464334124864 7.41147270481119e-05 0 0 0.00191875778238943
0 0 0 0 0.0220370684068259 0 9.13646321774369e-06 0 0 0 0 0 0 0 0 0.0189053636683809 0.219040733912915 0.00399686944970109 0 0 0 0 0 0 0 0 0 0 0 0 0 0
0 0 0.0395601365185373 0.301473655744984 0.000681649936134179 0.197117517657051 0.00134326170133478 0 0.0395564299072752 0.00818439095672216 0.015685998052842 0 0.00477220957715346 0 0 0.0395587664797453 0.00409233119429683 0.00372976972308521 4.17099622832189e-05 0 0 0 0 0 0 0 0 0 0 0 0 0.00818470685286793
0 0 0 0 0.00117820777362241 0.0294732287415639 0.0056694942351412 0 0 0 0 0 0 0 0 0.358384072850371 0.223992487737037 0.299434377645273 0.00138676911947758 0.00117874891667242 0 0.0742455785579517 0.0742625938147164 0 0 0 0 0.000962976222042283 0 0 0 0
0 0 0 0.00168191666875997 0 0.0068958601556615 5.60224247148381e-06 0 0 0 0 0 0 0.00168027535607156 0 0.0146883146070675 0.0136793461854121 0.00237639711208144 0.000259143345563553 5.60553303795992e-05 0 0.00207361169305746 0.00140140988769763 0 0 0 0 0 0 0 0.0062850084865482 0
0 0 0 0 0 0 0 0 0 0 0 0 0 0 0 0 0 0 0 0 0 0 0 0 0 0 0 0 0 0 0 0
6.39469995192555 1.65959187854362 3.12961952918039 1.81787202531292 0.128948233596021 1.48658578743244 0.000659746819784663 1.95396219988934 0.62290745412948 2.93160223081964 2.98464645450808 0.610914435170489 0.196490382710659 0.00324665711751299 0.0180810256075731 0.019067087112898 0.0206579801759895 0.00531355415860451 0.00153256234480163 0.000883814678174886 0.0110813121556924 0.00749295921509704 0.00431399067663997 9.22913105552111e-05 5.35593204190964e-05 0.00041743304005063 0.00137730468021054 0.00214280294811999 7.74344318506653e-05 22.672010267494 0.615812270294412 0
633.075226242044 164.29961697545 309.832371388634 179.969324506052 12.7658738268168 147.171995955777 0.0653149412572093 193.44226278868 61.6678374588683 290.228606852022 295.47997499895 60.4805279818865 19.4525436903938 0.321419062629966 1.79002080515961 1.88764248414204 2.04513962743506 0.526041819704248 0.151723653135592 0.0874976533392808 1.09705019333564 0.741802930306597 0.42708509598459 0.00913683968500529 0.00530237302145146 0.0413258704652476 0.136353204339763 0.212137453866699 7.74344318506653e-06 2244.52902648191 0 0
];

